#coding: utf-8

import matplotlib.pyplot as plt
import numpy as np
from enum import Enum

class pColor:
     red = "r"
     green = "g"
     blue = "b"
     cyan = "c"
     magenta = "m"
     yellow = "y"
     black = "k"
     white = "w"

data = [
[          1,          0,          0,          0,          0,          0, ],
[        0.6,   0.266667,   0.133333,          0,          0,          0, ],
[   0.484444,   0.248889,   0.177778,  0.0711111,  0.0177778,          0, ],
[   0.413926,   0.235852,   0.187852,  0.0995556,  0.0462222,  0.0165926, ],
[   0.367743,   0.220919,   0.188365,    0.11599,  0.0652642,  0.0417185, ],
[   0.334129,   0.207945,    0.18525,   0.125851,  0.0802239,  0.0666021, ],
[   0.308355,    0.19687,   0.181309,   0.132569,  0.0920655,  0.0888309, ],
[   0.287936,   0.187627,   0.177502,   0.137507,   0.101628,   0.107801, ],
[   0.271479,   0.179976,   0.174145,   0.141326,   0.109408,   0.123666, ],
[   0.258097,   0.173672,   0.171295,   0.144365,   0.115765,   0.136806, ],
[   0.247166,   0.168487,   0.168917,   0.146819,   0.120971,   0.147639, ],
[   0.238217,   0.164229,    0.16695,   0.148818,   0.125239,   0.156548, ],
[   0.230882,   0.160733,    0.16533,   0.150451,   0.128738,   0.163866, ],
[   0.224866,   0.157863,   0.163998,   0.151788,    0.13161,   0.169875, ],
[   0.219931,   0.155508,   0.162903,   0.152885,   0.133965,   0.174807, ],
[   0.215882,   0.153575,   0.162005,   0.153784,   0.135898,   0.178855, ],
[    0.21256,    0.15199,   0.161268,   0.154522,   0.137484,   0.182177, ],
[   0.209834,   0.150688,   0.160662,   0.155127,   0.138785,   0.184903, ],
[   0.207598,    0.14962,   0.160166,   0.155624,   0.139853,   0.187139, ],
[   0.205762,   0.148744,   0.159758,   0.156031,    0.14073,   0.188975, ],
[   0.204256,   0.148025,   0.159424,   0.156366,   0.141449,   0.190481, ],
[    0.20302,   0.147435,    0.15915,    0.15664,   0.142039,   0.191717, ],
[   0.202006,   0.146951,   0.158924,   0.156865,   0.142523,   0.192731, ],
[   0.201174,   0.146554,    0.15874,    0.15705,    0.14292,   0.193563, ],
[   0.200491,   0.146228,   0.158588,   0.157201,   0.143246,   0.194246, ],
[   0.199931,    0.14596,   0.158464,   0.157326,   0.143514,   0.194806, ],
[   0.199471,   0.145741,   0.158362,   0.157428,   0.143733,   0.195266, ],
[   0.199094,   0.145561,   0.158278,   0.157512,   0.143913,   0.195643, ],
[   0.198784,   0.145413,   0.158209,    0.15758,   0.144061,   0.195953, ],
[    0.19853,   0.145291,   0.158153,   0.157637,   0.144182,   0.196207, ],
[   0.198322,   0.145192,   0.158106,   0.157683,   0.144282,   0.196415, ],
[   0.198151,    0.14511,   0.158068,   0.157721,   0.144363,   0.196586, ],
[    0.19801,   0.145043,   0.158037,   0.157752,    0.14443,   0.196727, ],
[   0.197895,   0.144988,   0.158012,   0.157778,   0.144485,   0.196842, ],
[   0.197801,   0.144943,   0.157991,   0.157799,   0.144531,   0.196936, ],
[   0.197723,   0.144906,   0.157973,   0.157816,   0.144568,   0.197014, ],
[   0.197659,   0.144876,   0.157959,    0.15783,   0.144598,   0.197077, ],
[   0.197607,   0.144851,   0.157948,   0.157842,   0.144623,    0.19713, ],
[   0.197564,    0.14483,   0.157938,   0.157851,   0.144643,   0.197172, ],
[   0.197529,   0.144814,    0.15793,   0.157859,    0.14466,   0.197208, ],
[     0.1975,     0.1448,   0.157924,   0.157865,   0.144674,   0.197236, ],
[   0.197477,   0.144789,   0.157919,   0.157871,   0.144685,    0.19726, ],
[   0.197457,   0.144779,   0.157914,   0.157875,   0.144694,    0.19728, ],
[   0.197441,   0.144772,   0.157911,   0.157879,   0.144702,   0.197296, ],
[   0.197428,   0.144765,   0.157908,   0.157881,   0.144708,   0.197309, ],
[   0.197418,    0.14476,   0.157906,   0.157884,   0.144713,   0.197319, ],
[   0.197409,   0.144756,   0.157904,   0.157886,   0.144718,   0.197328, ],
[   0.197401,   0.144753,   0.157902,   0.157887,   0.144721,   0.197335, ],
[   0.197396,    0.14475,   0.157901,   0.157889,   0.144724,   0.197341, ],
[   0.197391,   0.144747,     0.1579,    0.15789,   0.144726,   0.197346, ],
[   0.197387,   0.144746,   0.157899,   0.157891,   0.144728,    0.19735, ],
[   0.197383,   0.144744,   0.157898,   0.157891,    0.14473,   0.197353, ],
[   0.197381,   0.144743,   0.157897,   0.157892,   0.144731,   0.197356, ],
[   0.197379,   0.144742,   0.157897,   0.157892,   0.144732,   0.197358, ],
[   0.197377,   0.144741,   0.157897,   0.157893,   0.144733,    0.19736, ],
[   0.197375,    0.14474,   0.157896,   0.157893,   0.144734,   0.197362, ],
[   0.197374,    0.14474,   0.157896,   0.157893,   0.144734,   0.197363, ],
[   0.197373,   0.144739,   0.157896,   0.157894,   0.144735,   0.197364, ],
[   0.197372,   0.144739,   0.157896,   0.157894,   0.144735,   0.197365, ],
[   0.197372,   0.144738,   0.157895,   0.157894,   0.144735,   0.197365, ],
[   0.197371,   0.144738,   0.157895,   0.157894,   0.144736,   0.197366, ],
[    0.19737,   0.144738,   0.157895,   0.157894,   0.144736,   0.197366, ],
[    0.19737,   0.144738,   0.157895,   0.157894,   0.144736,   0.197367, ],
[    0.19737,   0.144738,   0.157895,   0.157894,   0.144736,   0.197367, ],
[    0.19737,   0.144737,   0.157895,   0.157894,   0.144736,   0.197367, ],
[   0.197369,   0.144737,   0.157895,   0.157895,   0.144736,   0.197367, ],
[   0.197369,   0.144737,   0.157895,   0.157895,   0.144736,   0.197368, ],
[   0.197369,   0.144737,   0.157895,   0.157895,   0.144737,   0.197368, ],
[   0.197369,   0.144737,   0.157895,   0.157895,   0.144737,   0.197368, ],
[   0.197369,   0.144737,   0.157895,   0.157895,   0.144737,   0.197368, ],
[   0.197369,   0.144737,   0.157895,   0.157895,   0.144737,   0.197368, ],
[   0.197369,   0.144737,   0.157895,   0.157895,   0.144737,   0.197368, ],
[   0.197369,   0.144737,   0.157895,   0.157895,   0.144737,   0.197368, ],
[   0.197369,   0.144737,   0.157895,   0.157895,   0.144737,   0.197368, ],
[   0.197369,   0.144737,   0.157895,   0.157895,   0.144737,   0.197368, ],
[   0.197369,   0.144737,   0.157895,   0.157895,   0.144737,   0.197368, ],
[   0.197369,   0.144737,   0.157895,   0.157895,   0.144737,   0.197368, ],
[   0.197369,   0.144737,   0.157895,   0.157895,   0.144737,   0.197368, ],
[   0.197368,   0.144737,   0.157895,   0.157895,   0.144737,   0.197368, ],
[   0.197368,   0.144737,   0.157895,   0.157895,   0.144737,   0.197368, ],
[   0.197368,   0.144737,   0.157895,   0.157895,   0.144737,   0.197368, ],
]

dataToPlot = data[0:30]
lineType = "o-"

plt.plot(np.array([cell[0] for cell in dataToPlot]), pColor.red + lineType)
plt.plot(np.array([cell[1] for cell in dataToPlot]), pColor.green + lineType)
plt.plot(np.array([cell[2] for cell in dataToPlot]), pColor.blue + lineType)
plt.plot(np.array([cell[3] for cell in dataToPlot]), pColor.yellow + lineType)
plt.plot(np.array([cell[4] for cell in dataToPlot]), pColor.cyan + lineType)
plt.plot(np.array([cell[5] for cell in dataToPlot]), pColor.magenta + lineType)
plt.show()
