#coding: utf-8

import matplotlib.pyplot as plt
import numpy as np

class pColor:
     red = "r"
     green = "g"
     blue = "b"
     cyan = "c"
     magenta = "m"
     yellow = "y"
     black = "k"
     white = "w"

data0 = [
[          1,          0,          0,          0,          0,          0, ],
[        0.5,   0.333333,   0.166667,          0,          0,          0, ],
[   0.444444,   0.222222,   0.194444,   0.111111,  0.0277778,          0, ],
[   0.365741,   0.231481,   0.189815,   0.111111,  0.0694444,  0.0324074, ],
[   0.330247,   0.203704,   0.186728,   0.130401,  0.0794753,  0.0694444, ],
[   0.298097,   0.194059,   0.179655,   0.134259,  0.0977366,  0.0961934, ],
[    0.27602,   0.181627,   0.175412,   0.140839,    0.10676,   0.119342, ],
[   0.258059,    0.17395,   0.171286,   0.144219,   0.115962,   0.136524, ],
[   0.244552,   0.167151,   0.168393,   0.147495,   0.122129,    0.15028, ],
[   0.233917,   0.162231,   0.165996,   0.149746,   0.127324,   0.160787, ],
[    0.22574,   0.158262,   0.164199,   0.151609,   0.131177,   0.169013, ],
[   0.219368,   0.155248,   0.162777,   0.153004,   0.134241,   0.175363, ],
[   0.214437,   0.152882,   0.161685,   0.154108,   0.136585,   0.180302, ],
[   0.210607,   0.151059,   0.160834,   0.154954,   0.138418,   0.184128, ],
[   0.207639,   0.149639,   0.160175,   0.155615,   0.139833,   0.187099, ],
[   0.205335,    0.14854,   0.159663,   0.156126,   0.140934,   0.189402, ],
[   0.203548,   0.147687,   0.159267,   0.156523,   0.141786,   0.191189, ],
[   0.202162,   0.147025,   0.158959,    0.15683,   0.142448,   0.192575, ],
[   0.201087,   0.146512,    0.15872,   0.157069,   0.142962,    0.19365, ],
[   0.200253,   0.146114,   0.158535,   0.157254,    0.14336,   0.194484, ],
[   0.199606,   0.145805,   0.158392,   0.157398,   0.143669,   0.195131, ],
[   0.199104,   0.145565,    0.15828,   0.157509,   0.143908,   0.195633, ],
[   0.198715,    0.14538,   0.158194,   0.157596,   0.144094,   0.196022, ],
[   0.198413,   0.145235,   0.158127,   0.157663,   0.144238,   0.196324, ],
[   0.198179,   0.145124,   0.158075,   0.157715,    0.14435,   0.196558, ],
[   0.197997,   0.145037,   0.158034,   0.157755,   0.144437,    0.19674, ],
[   0.197856,    0.14497,   0.158003,   0.157786,   0.144504,   0.196881, ],
[   0.197747,   0.144917,   0.157979,   0.157811,   0.144556,    0.19699, ],
[   0.197662,   0.144877,    0.15796,    0.15783,   0.144597,   0.197075, ],
[   0.197596,   0.144845,   0.157945,   0.157844,   0.144628,   0.197141, ],
[   0.197545,   0.144821,   0.157934,   0.157856,   0.144653,   0.197192, ],
[   0.197505,   0.144802,   0.157925,   0.157864,   0.144671,   0.197231, ],
]

data5 = [
[          1,          0,          0,          0,          0,          0, ],
[       0.75,   0.166667,  0.0833333,          0,          0,          0, ],
[   0.611111,   0.222222,   0.131944,  0.0277778, 0.00694444,          0, ],
[   0.524884,   0.237269,   0.159144,  0.0555556,  0.0190972, 0.00405093, ],
[   0.466242,   0.237269,   0.173708,  0.0775945,   0.032745,  0.0124421, ],
[   0.423474,   0.231759,   0.180913,  0.0940152,  0.0458542,  0.0239841, ],
[   0.390622,   0.224445,   0.183863,   0.106114,  0.0576698,  0.0372862, ],
[   0.364399,   0.216813,   0.184382,   0.115123,  0.0680569,  0.0512249, ],
[   0.342868,   0.209464,   0.183552,   0.121971,  0.0771184,  0.0650265, ],
[   0.324813,   0.202633,   0.182014,   0.127305,  0.0850215,  0.0782138, ],
[   0.309436,   0.196396,    0.18015,   0.131562,  0.0919317,  0.0905245, ],
[   0.296188,   0.190759,   0.178182,   0.135038,  0.0979928,    0.10184, ],
[    0.28468,   0.185694,   0.176239,   0.137931,   0.103325,   0.112131, ],
[    0.27462,   0.181161,   0.174391,   0.140378,   0.108026,   0.121424, ],
[   0.265788,   0.177114,   0.172672,   0.142474,   0.112179,   0.129773, ],
[   0.258009,   0.173507,   0.171098,   0.144286,   0.115853,   0.137247, ],
[   0.251141,   0.170295,    0.16967,   0.145864,   0.119107,   0.143922, ],
[   0.245069,   0.167438,   0.168382,   0.147246,   0.121991,   0.149874, ],
[   0.239693,   0.164898,   0.167227,   0.148461,   0.124547,   0.155174, ],
[    0.23493,   0.162641,   0.166193,   0.149532,   0.126815,   0.159889, ],
[   0.230707,   0.160635,   0.165271,   0.150478,   0.128827,   0.164081, ],
[   0.226962,   0.158854,   0.164449,   0.151315,   0.130613,   0.167808, ],
[   0.223639,   0.157272,   0.163717,   0.152056,   0.132198,   0.171119, ],
[    0.22069,   0.155866,   0.163066,   0.152713,   0.133604,    0.17406, ],
[   0.218073,   0.154619,   0.162488,   0.153296,   0.134853,   0.176672, ],
[    0.21575,   0.153511,   0.161973,   0.153812,   0.135962,   0.178992, ],
[   0.213688,   0.152527,   0.161516,    0.15427,   0.136946,   0.181052, ],
[   0.211857,   0.151653,   0.161111,   0.154677,    0.13782,   0.182881, ],
[   0.210232,   0.150878,    0.16075,   0.155038,   0.138596,   0.184506, ],
[    0.20879,   0.150189,    0.16043,   0.155359,   0.139284,   0.185948, ],
[   0.207509,   0.149578,   0.160146,   0.155643,   0.139896,   0.187229, ],
[   0.206371,   0.149035,   0.159893,   0.155896,   0.140439,   0.188366, ],
]

data8 = [
[          1,          0,          0,          0,          0,          0, ],
[        0.9,  0.0666667,  0.0333333,          0,          0,          0, ],
[   0.817778,   0.115556,  0.0611111, 0.00444444, 0.00111111,          0, ],
[   0.749593,   0.151185,  0.0841852,  0.0115556, 0.00322222, 0.000259259, ],
[   0.692558,   0.176919,   0.103291,  0.0201198,  0.0061716, 0.000940741, ],
[   0.644437,   0.195262,    0.11906,   0.029322, 0.00978436, 0.00213449, ],
[   0.603488,   0.208087,   0.132028,  0.0386271,  0.0138933, 0.00387687, ],
[   0.568349,   0.216791,   0.142649,  0.0476952,  0.0183491, 0.00616608, ],
[   0.537948,   0.222423,   0.151308,  0.0563213,   0.023025, 0.00897422, ],
[   0.511439,   0.225766,   0.158329,  0.0643925,  0.0278167,  0.0122567, ],
[    0.48815,   0.227411,   0.163982,  0.0718578,  0.0326409,  0.0159591, ],
[   0.467542,   0.227799,   0.168497,  0.0787067,  0.0374332,  0.0200225, ],
[   0.449184,   0.227265,   0.172063,  0.0849548,  0.0421451,  0.0243872, ],
[   0.432728,   0.226061,   0.174843,  0.0906328,   0.046741,  0.0289948, ],
[   0.417889,   0.224374,    0.17697,  0.0957804,  0.0511961,  0.0337905, ],
[   0.404437,   0.222349,   0.178556,   0.100441,  0.0554939,  0.0387237, ],
[    0.39218,   0.220094,   0.179695,   0.104658,  0.0596246,  0.0437488, ],
[   0.380961,   0.217689,   0.180466,   0.108476,  0.0635833,   0.048825, ],
[   0.370649,   0.215195,   0.180935,   0.111935,  0.0673689,  0.0539167, ],
[   0.361135,    0.21266,   0.181158,   0.115072,  0.0709831,  0.0589931, ],
[   0.352326,   0.210116,   0.181179,   0.117922,  0.0744294,  0.0640278, ],
[   0.344144,   0.207591,   0.181037,   0.120516,  0.0777128,  0.0689987, ],
[   0.336524,   0.205102,   0.180766,   0.122883,  0.0808391,  0.0738873, ],
[   0.329407,   0.202664,    0.18039,   0.125046,  0.0838148,  0.0786786, ],
[   0.322746,   0.200286,   0.179934,   0.127029,  0.0866465,  0.0833604, ],
[   0.316497,   0.197975,   0.179414,    0.12885,  0.0893409,  0.0879233, ],
[   0.310626,   0.195735,   0.178848,   0.130527,  0.0919047,    0.09236, ],
[   0.305098,   0.193571,   0.178247,   0.132075,  0.0943445,  0.0966654, ],
[   0.299887,   0.191482,   0.177622,   0.133507,  0.0966665,   0.100836, ],
[   0.294967,    0.18947,   0.176982,   0.134835,  0.0988767,   0.104869, ],
[   0.290317,   0.187534,   0.176334,    0.13607,   0.100981,   0.108764, ],
[   0.285916,   0.185673,   0.175684,    0.13722,   0.102985,   0.112522, ],
]

data2 = [
[          1,          0,          0,          0,          0,          0, ],
[        0.6,   0.266667,   0.133333,          0,          0,          0, ],
[   0.484444,   0.248889,   0.177778,  0.0711111,  0.0177778,          0, ],
[   0.413926,   0.235852,   0.187852,  0.0995556,  0.0462222,  0.0165926, ],
[   0.367743,   0.220919,   0.188365,    0.11599,  0.0652642,  0.0417185, ],
[   0.334129,   0.207945,    0.18525,   0.125851,  0.0802239,  0.0666021, ],
[   0.308355,    0.19687,   0.181309,   0.132569,  0.0920655,  0.0888309, ],
[   0.287936,   0.187627,   0.177502,   0.137507,   0.101628,   0.107801, ],
[   0.271479,   0.179976,   0.174145,   0.141326,   0.109408,   0.123666, ],
[   0.258097,   0.173672,   0.171295,   0.144365,   0.115765,   0.136806, ],
[   0.247166,   0.168487,   0.168917,   0.146819,   0.120971,   0.147639, ],
[   0.238217,   0.164229,    0.16695,   0.148818,   0.125239,   0.156548, ],
[   0.230882,   0.160733,    0.16533,   0.150451,   0.128738,   0.163866, ],
[   0.224866,   0.157863,   0.163998,   0.151788,    0.13161,   0.169875, ],
[   0.219931,   0.155508,   0.162903,   0.152885,   0.133965,   0.174807, ],
[   0.215882,   0.153575,   0.162005,   0.153784,   0.135898,   0.178855, ],
[    0.21256,    0.15199,   0.161268,   0.154522,   0.137484,   0.182177, ],
[   0.209834,   0.150688,   0.160662,   0.155127,   0.138785,   0.184903, ],
[   0.207598,    0.14962,   0.160166,   0.155624,   0.139853,   0.187139, ],
[   0.205762,   0.148744,   0.159758,   0.156031,    0.14073,   0.188975, ],
[   0.204256,   0.148025,   0.159424,   0.156366,   0.141449,   0.190481, ],
[    0.20302,   0.147435,    0.15915,    0.15664,   0.142039,   0.191717, ],
[   0.202006,   0.146951,   0.158924,   0.156865,   0.142523,   0.192731, ],
[   0.201174,   0.146554,    0.15874,    0.15705,    0.14292,   0.193563, ],
[   0.200491,   0.146228,   0.158588,   0.157201,   0.143246,   0.194246, ],
[   0.199931,    0.14596,   0.158464,   0.157326,   0.143514,   0.194806, ],
[   0.199471,   0.145741,   0.158362,   0.157428,   0.143733,   0.195266, ],
[   0.199094,   0.145561,   0.158278,   0.157512,   0.143913,   0.195643, ],
[   0.198784,   0.145413,   0.158209,    0.15758,   0.144061,   0.195953, ],
[    0.19853,   0.145291,   0.158153,   0.157637,   0.144182,   0.196207, ],
[   0.198322,   0.145192,   0.158106,   0.157683,   0.144282,   0.196415, ],
[   0.198151,    0.14511,   0.158068,   0.157721,   0.144363,   0.196586, ],
[    0.19801,   0.145043,   0.158037,   0.157752,    0.14443,   0.196727, ],
[   0.197895,   0.144988,   0.158012,   0.157778,   0.144485,   0.196842, ],
[   0.197801,   0.144943,   0.157991,   0.157799,   0.144531,   0.196936, ],
[   0.197723,   0.144906,   0.157973,   0.157816,   0.144568,   0.197014, ],
[   0.197659,   0.144876,   0.157959,    0.15783,   0.144598,   0.197077, ],
[   0.197607,   0.144851,   0.157948,   0.157842,   0.144623,    0.19713, ],
[   0.197564,    0.14483,   0.157938,   0.157851,   0.144643,   0.197172, ],
[   0.197529,   0.144814,    0.15793,   0.157859,    0.14466,   0.197208, ],
[     0.1975,     0.1448,   0.157924,   0.157865,   0.144674,   0.197236, ],
[   0.197477,   0.144789,   0.157919,   0.157871,   0.144685,    0.19726, ],
[   0.197457,   0.144779,   0.157914,   0.157875,   0.144694,    0.19728, ],
[   0.197441,   0.144772,   0.157911,   0.157879,   0.144702,   0.197296, ],
[   0.197428,   0.144765,   0.157908,   0.157881,   0.144708,   0.197309, ],
[   0.197418,    0.14476,   0.157906,   0.157884,   0.144713,   0.197319, ],
[   0.197409,   0.144756,   0.157904,   0.157886,   0.144718,   0.197328, ],
[   0.197401,   0.144753,   0.157902,   0.157887,   0.144721,   0.197335, ],
[   0.197396,    0.14475,   0.157901,   0.157889,   0.144724,   0.197341, ],
[   0.197391,   0.144747,     0.1579,    0.15789,   0.144726,   0.197346, ],
[   0.197387,   0.144746,   0.157899,   0.157891,   0.144728,    0.19735, ],
[   0.197383,   0.144744,   0.157898,   0.157891,    0.14473,   0.197353, ],
[   0.197381,   0.144743,   0.157897,   0.157892,   0.144731,   0.197356, ],
[   0.197379,   0.144742,   0.157897,   0.157892,   0.144732,   0.197358, ],
[   0.197377,   0.144741,   0.157897,   0.157893,   0.144733,    0.19736, ],
[   0.197375,    0.14474,   0.157896,   0.157893,   0.144734,   0.197362, ],
[   0.197374,    0.14474,   0.157896,   0.157893,   0.144734,   0.197363, ],
[   0.197373,   0.144739,   0.157896,   0.157894,   0.144735,   0.197364, ],
[   0.197372,   0.144739,   0.157896,   0.157894,   0.144735,   0.197365, ],
[   0.197372,   0.144738,   0.157895,   0.157894,   0.144735,   0.197365, ],
[   0.197371,   0.144738,   0.157895,   0.157894,   0.144736,   0.197366, ],
[    0.19737,   0.144738,   0.157895,   0.157894,   0.144736,   0.197366, ],
[    0.19737,   0.144738,   0.157895,   0.157894,   0.144736,   0.197367, ],
[    0.19737,   0.144738,   0.157895,   0.157894,   0.144736,   0.197367, ],
[    0.19737,   0.144737,   0.157895,   0.157894,   0.144736,   0.197367, ],
[   0.197369,   0.144737,   0.157895,   0.157895,   0.144736,   0.197367, ],
[   0.197369,   0.144737,   0.157895,   0.157895,   0.144736,   0.197368, ],
[   0.197369,   0.144737,   0.157895,   0.157895,   0.144737,   0.197368, ],
[   0.197369,   0.144737,   0.157895,   0.157895,   0.144737,   0.197368, ],
[   0.197369,   0.144737,   0.157895,   0.157895,   0.144737,   0.197368, ],
[   0.197369,   0.144737,   0.157895,   0.157895,   0.144737,   0.197368, ],
[   0.197369,   0.144737,   0.157895,   0.157895,   0.144737,   0.197368, ],
[   0.197369,   0.144737,   0.157895,   0.157895,   0.144737,   0.197368, ],
[   0.197369,   0.144737,   0.157895,   0.157895,   0.144737,   0.197368, ],
[   0.197369,   0.144737,   0.157895,   0.157895,   0.144737,   0.197368, ],
[   0.197369,   0.144737,   0.157895,   0.157895,   0.144737,   0.197368, ],
[   0.197369,   0.144737,   0.157895,   0.157895,   0.144737,   0.197368, ],
[   0.197369,   0.144737,   0.157895,   0.157895,   0.144737,   0.197368, ],
[   0.197368,   0.144737,   0.157895,   0.157895,   0.144737,   0.197368, ],
[   0.197368,   0.144737,   0.157895,   0.157895,   0.144737,   0.197368, ],
[   0.197368,   0.144737,   0.157895,   0.157895,   0.144737,   0.197368, ],
]

def main():
    #描画範囲を抽出
    dataToPlot0 = data0[0:31]
    dataToPlot2 = data2[0:31]
    dataToPlot5 = data5[0:31]
    dataToPlot8 = data8[0:31]
    lineType = "o-"

    plt.plot(np.array([cell[1] for cell in dataToPlot0]), pColor.blue + lineType, label = "s=0.0")
    plt.plot(np.array([cell[1] for cell in dataToPlot2]), pColor.cyan + lineType, label = "s=0.2")
    plt.plot(np.array([cell[1] for cell in dataToPlot5]), pColor.green + lineType, label = "s=0.5")
    plt.plot(np.array([cell[1] for cell in dataToPlot8]), pColor.yellow + lineType, label = "s=0.8")

    plt.legend()
    plt.ylabel("p")
    plt.xlabel("time")
    plt.show()

main()
